x1: 1136
y1: 400.6
x2: 1138
y2: 376.5
deltaV=24.1
deltaT=2
------
x1:1117
y1:401
X2:1119
y2:371.1
deltaV=29.9
deltaT=2
-----

----------------------
----------------------
ave_deltaV=27
ave_deltaT=2
----------------------
----------------------
deltaV:401-368.7=32.3
A=162.5
R0_pack = 0.1988/54=0.003681
R0_module = 0.003681ohm
----------------------
----------------------